32
20813
32079
61042
6415
23710
45781
42116
34835
19385
1852
19041
56153
8714
64173
2653
60772
8846
38829
51136
43231
46341
43827
24133
45327
5290
2172
63380
57754
12930
51447
1760
47682
620
64128
49717
3911
45412
29315
41116
19076
43454
62058
23049
19757
30524
37901
42169
35858
32120
43877
55574
22757
30467
14408
19379
53346
3956
26370
31530
34767
54876
60543
46851
39438
49437
43324
7318
62962
30279
35171
18505
64166
29273
7833
58307
17540
33842
46392
61003
41487
13063
25022
49698
10063
59618
40778
6761
14982
36747
62704
51001
53680
680
51150
863
20835
60680
2902
5835
3308
30915
8874
54410
6704
36426
44294
45415
25351
7676
34491
27387
52921
18060
22562
9428
21113
51407
9865
19470
19485
37765
32918
43042
61512
49076
49819
37724
53786
54404
14131
7528
46966
55384
24781
45096
30460
39020
53323
61791
34261
45275
38735
60599
63491
35041
39157
55156
61329
31328
58694
58403
2856
19721
35240
61180
9245
42117
9760
15767
15490
55948
27606
62623
38995
22936
59427
15891
44735
4060
6055
49454
35544
9104
20938
1048
52086
7904
17945
32110
16689
16937
19679
35554
3392
17276
62213
41109
36118
12972
57734
58635
37593
32176
29156
1412
49885
43579
1690
30919
6085
35638
10059
8432
52004
52140
45059
27137
17446
10445
20603
43278
25339
45642
36599
51488
721
47032
24962
52599
61256
33553
52048
36655
45514
49161
18869
29773
33057
5680
63576
60076
36523
27837
23969
53212
51787
62181
43712
57924
46512
2766
48288
1605
51759
51205
24738
56626
26454
51387
51121
37608
60635
50124
57280
13080
3551
28712
42587
32661
12025
11697
51560
32637
43288
38806
58777
37319
39615
28007
59039
5955
56366
54877
62503
3689
6983
14927
39567
43212
54929
55642
40624
50412
13535
1778
64586
49563
46597
54024
46505
43166
43559
56401
21605
44704
52597
42484
46576
23972
30500
49447
7680
61072
28985
21686
42077
50425
54419
31074
13871
14310
34501
46834
19439
49479
10021
57962
38901
58993
6909
12036
46404
9363
55150
28947
56869
32403
44973
8266
64892
62730
4271
24115
51181
54930
50653
12875
43455
64860
19920
57163
10212
24730
26607
284
13309
60288
27932
24767
63689
600
7130
47044
54438
5834
48299
6008
52829
57672
45793
13698
31862
25777
4735
26629
31751
36133
57747
52024
34952
43431
36033
37252
38438
64521
26628
21085
64078
20962
1960
49903
26170
56882
55166
23346
58412
5126
45041
16787
1362
59783
45094
29737
19138
60920
23030
36821
37743
57149
42560
6322
62009
45659
28368
37759
60848
14395
23589
43480
28171
64384
20992
37696
55439
38700
49934
61291
20767
28344
7073
33563
20098
22867
41531
1190
35644
55651
25620
32747
34478
57735
31018
16252
55333
55083
42909
35387
21161
33541
3808
38402
41941
24371
31108
35089
42321
17374
34160
16819
61117
52291
22408
23932
28743
2375
46663
58473
35841
45603
28623
22514
34980
8717
61685
16212
35578
6329
5284
45269
61134
36325
62308
41042
48276
33696
60056
48556
43181
53867
6082
34402
3142
33596
5874
31977
22667
43262
16785
41500
54197
27282
54641
47688
56938
21205
2202
17260
26441
11103
